0.1          551289286373.8394          699.0008330556052          219.96668332936562
0.2          551289286373.8394          696.0133155682483          239.73386615901225
0.30000000000000004          551289286373.8394          691.0672978251212          259.1040413322679
0.4          551289286373.8394          684.212198800577          277.8836684617301
0.5          551289286373.8394          675.5165123780746          295.8851077208406
0.6          551289286373.8394          665.0671229819357          312.9284946790071
0.7          551289286373.8394          652.9684374568977          328.8435374475382
0.7999999999999999          551289286373.8394          639.3413418694331          343.47121817990455
0.8999999999999999          551289286373.8394          624.3219936541329          356.66538192549666
0.9999999999999999          551289286373.8394          608.0604611736279          368.29419696157925
1.0999999999999999          551289286373.8394          590.7192242851155          378.2414720122871
1.2          551289286373.8394          572.4715508953348          386.4078171934452
1.3          551289286373.8394          553.4997657249174          392.71163708343863
1.4000000000000001          545517929341.78265          533.9934285800482          397.08994599769204
1.5000000000000002          545517929341.78265          514.1474403335405          399.4989973208109
1.6000000000000003          545517929341.78265          494.1600955397422          399.914720608301
1.7000000000000004          545517929341.78265          474.23110114089496          398.3329620904937
1.8000000000000005          545517929341.78265          454.5595810613825          394.76952617563904
1.9000000000000006          545517929341.78265          435.3420866272992          389.26001753748284
2.0000000000000004          545517929341.78265          416.77063269057146          381.85948536513627
