0.01          8.129185150428948e+18
0.02          8.129185150428948e+18
0.03          8.129185150428948e+18
0.04          8.129185150428948e+18
0.05          8.129185150428948e+18
0.060000000000000005          8.129185150428948e+18
0.07          8.129185150428948e+18
0.08          8.129185150428948e+18
0.09          8.129185150428948e+18
0.09999999999999999          8.129185150428948e+18
0.10999999999999999          8.129185150428948e+18
0.11999999999999998          8.129185150428948e+18
0.12999999999999998          8.129185150428948e+18
0.13999999999999999          8.129185150428948e+18
0.15          8.129185150428948e+18
0.16          8.129185150428948e+18
0.17          8.129185150428948e+18
0.18000000000000002          8.129185150428948e+18
0.19000000000000003          8.129185150428948e+18
0.20000000000000004          8.129185150428948e+18
0.21000000000000005          8.129185150428948e+18
0.22000000000000006          8.129185150428948e+18
0.23000000000000007          8.129185150428948e+18
0.24000000000000007          8.129185150428948e+18
0.25000000000000006          8.129185150428948e+18
0.26000000000000006          8.129185150428948e+18
0.2700000000000001          8.129185150428948e+18
0.2800000000000001          8.129185150428948e+18
0.2900000000000001          8.129185150428948e+18
0.3000000000000001          8.129185150428948e+18
0.3100000000000001          8.129185150428948e+18
0.3200000000000001          8.129185150428948e+18
0.3300000000000001          8.129185150428948e+18
0.34000000000000014          8.129185150428948e+18
0.35000000000000014          8.129185150428948e+18
0.36000000000000015          8.129185150428948e+18
0.37000000000000016          8.129185150428948e+18
0.38000000000000017          8.129185150428948e+18
0.3900000000000002          8.129185150428948e+18
0.4000000000000002          8.129185150428948e+18
0.4100000000000002          8.129185150428948e+18
0.4200000000000002          8.129185150428948e+18
0.4300000000000002          8.129185150428948e+18
0.4400000000000002          8.129185150428948e+18
0.45000000000000023          8.129185150428948e+18
0.46000000000000024          8.129185150428948e+18
0.47000000000000025          8.129185150428948e+18
0.48000000000000026          8.129185150428948e+18
0.49000000000000027          8.129185150428948e+18
0.5000000000000002          8.129185150428948e+18
0.5100000000000002          8.129185150428948e+18
0.5200000000000002          8.129185150428948e+18
0.5300000000000002          8.129185150428948e+18
0.5400000000000003          8.129185150428948e+18
0.5500000000000003          8.129185150428948e+18
0.5600000000000003          8.129185150428948e+18
0.5700000000000003          8.129185150428948e+18
0.5800000000000003          8.129185150428948e+18
0.5900000000000003          8.129185150428948e+18
0.6000000000000003          8.129185150428948e+18
0.6100000000000003          8.129185150428948e+18
0.6200000000000003          8.129185150428948e+18
0.6300000000000003          8.129185150428948e+18
0.6400000000000003          8.129185150428948e+18
0.6500000000000004          8.129185150428948e+18
0.6600000000000004          8.129185150428948e+18
0.6700000000000004          8.129185150428948e+18
0.6800000000000004          8.129185150428948e+18
0.6900000000000004          8.129185150428948e+18
0.7000000000000004          8.129185150428948e+18
0.7100000000000004          8.129185150428948e+18
0.7200000000000004          8.129185150428948e+18
0.7300000000000004          8.129185150428948e+18
0.7400000000000004          8.129185150428948e+18
0.7500000000000004          8.129185150428948e+18
0.7600000000000005          8.129185150428948e+18
0.7700000000000005          8.129185150428948e+18
0.7800000000000005          8.129185150428948e+18
0.7900000000000005          8.129185150428948e+18
0.8000000000000005          8.129185150428948e+18
0.8100000000000005          8.129185150428948e+18
0.8200000000000005          8.129185150428948e+18
0.8300000000000005          8.129185150428948e+18
0.8400000000000005          8.129185150428948e+18
0.8500000000000005          8.129185150428948e+18
0.8600000000000005          8.129185150428948e+18
0.8700000000000006          8.129185150428948e+18
0.8800000000000006          8.129185150428948e+18
0.8900000000000006          8.129185150428948e+18
0.9000000000000006          8.129185150428948e+18
0.9100000000000006          8.129185150428948e+18
0.9200000000000006          8.129185150428948e+18
0.9300000000000006          8.129185150428948e+18
0.9400000000000006          8.129185150428948e+18
0.9500000000000006          8.129185150428948e+18
0.9600000000000006          8.129185150428948e+18
0.9700000000000006          8.129185150428948e+18
0.9800000000000006          8.129185150428948e+18
0.9900000000000007          4.982305366393843e+18
1.0000000000000007          4.881501821204393e+18
1.0100000000000007          4.717188889459787e+18
1.0200000000000007          4.508275144812225e+18
1.0300000000000007          4.262665913236441e+18
1.0400000000000007          3.9851106753940977e+18
1.0500000000000007          3.6789011391356897e+18
1.0600000000000007          3.3465143679295503e+18
1.0700000000000007          2.9899194747604634e+18
1.0800000000000007          2.6107452281476577e+18
1.0900000000000007          2.210380456292415e+18
1.1000000000000008          1.790038337123452e+18
1.1100000000000008          1.3507997067499008e+18
1.1200000000000008          8.936434255366881e+17
1.1300000000000008          4.19468371740865e+17
1.1400000000000008          -7.089019499631821e+16
1.1500000000000008          -5.766481800524657e+17
1.1600000000000008          -1.0970629902010737e+18
1.1700000000000008          -1.6314259075016724e+18
1.1800000000000008          -2.1790559811942646e+18
1.1900000000000008          -2.739295070313208e+18
1.2000000000000008          -3.311503771857702e+18
1.2100000000000009          -3.895058039475033e+18
1.2200000000000009          -4.4893463467505316e+18
1.2300000000000009          -5.093767284263086e+18
1.2400000000000009          -5.707727504996461e+18
1.2500000000000009          -6.330639951405435e+18
1.260000000000001          -6.961922311375286e+18
1.270000000000001          -7.600995660813003e+18
1.280000000000001          -8.247283258592164e+18
1.290000000000001          -8.900209465686966e+18
1.300000000000001          -9.559198765039077e+18
1.310000000000001          -1.0223674862331087e+19
1.320000000000001          -1.089305985063841e+19
1.330000000000001          -1.156677342406839e+19
1.340000000000001          -1.2244232127101893e+19
1.350000000000001          -1.2924848627520887e+19
1.360000000000001          -1.3608031001598951e+19
1.370000000000001          -1.1113069821069783e+19
1.380000000000001          -1.1112858051037368e+19
1.390000000000001          -1.111150132772264e+19
1.400000000000001          -1.11078986365546e+19
1.410000000000001          -1.110092702055262e+19
1.420000000000001          -1.108943689857876e+19
1.430000000000001          -1.1072246978620996e+19
1.440000000000001          -1.104813865405404e+19
1.450000000000001          -1.1015849750667942e+19
1.460000000000001          -1.0974067465660465e+19
1.470000000000001          -1.0921420304832457e+19
1.480000000000001          -1.0856468778220237e+19
1.490000000000001          -1.0777694553570554e+19
1.500000000000001          -1.0683487686060216e+19
1.5100000000000011          -1.0572131433805257e+19
1.5200000000000011          -1.0441784020829729e+19
1.5300000000000011          -1.029045650579297e+19
1.5400000000000011          -1.0115985631172153e+19
1.5500000000000012          -9.91600012594751e+18
1.5600000000000012          -9.687878356129612e+18
1.5700000000000012          -9.42869436752082e+18
1.5800000000000012          -9.135148089789917e+18
1.5900000000000012          -8.803473510885077e+18
1.6000000000000012          -8.429315535580535e+18
1.6100000000000012          -8.007561200985391e+18
1.6200000000000012          -7.532102415979956e+18
1.6300000000000012          -6.995492436713865e+18
1.6400000000000012          -6.388430694035974e+18
1.6500000000000012          -5.698956634887895e+18
1.6600000000000013          -4.911120052943301e+18
1.6700000000000013          -4.0026360654127944e+18
1.6800000000000013          -2.940367040516641e+18
1.6900000000000013          -1.6704777307030866e+18
1.7000000000000013          -9.260048324234854e+16
1.7100000000000013          2.0341915624858127e+18
1.7200000000000013          5.982717786725768e+18
1.7300000000000013          8.129185150428948e+18
1.7400000000000013          8.129185150428948e+18
1.7500000000000013          8.129185150428948e+18
1.7600000000000013          8.129185150428948e+18
1.7700000000000014          8.129185150428948e+18
1.7800000000000014          8.129185150428948e+18
1.7900000000000014          8.129185150428948e+18
1.8000000000000014          8.129185150428948e+18
1.8100000000000014          8.129185150428948e+18
1.8200000000000014          8.129185150428948e+18
1.8300000000000014          8.129185150428948e+18
1.8400000000000014          8.129185150428948e+18
1.8500000000000014          8.129185150428948e+18
1.8600000000000014          8.129185150428948e+18
1.8700000000000014          8.129185150428948e+18
1.8800000000000014          8.129185150428948e+18
1.8900000000000015          8.129185150428948e+18
1.9000000000000015          8.129185150428948e+18
1.9100000000000015          8.129185150428948e+18
1.9200000000000015          8.129185150428948e+18
1.9300000000000015          8.129185150428948e+18
1.9400000000000015          8.129185150428948e+18
1.9500000000000015          8.129185150428948e+18
1.9600000000000015          8.129185150428948e+18
1.9700000000000015          8.129185150428948e+18
1.9800000000000015          8.129185150428948e+18
1.9900000000000015          8.129185150428948e+18
2.0000000000000013          8.129185150428948e+18
2.010000000000001          8.129185150428948e+18
2.020000000000001          8.129185150428948e+18
2.0300000000000007          8.129185150428948e+18
2.0400000000000005          8.129185150428948e+18
2.0500000000000003          8.129185150428948e+18
2.06          8.129185150428948e+18
2.07          8.129185150428948e+18
2.0799999999999996          8.129185150428948e+18
2.0899999999999994          8.129185150428948e+18
2.099999999999999          8.129185150428948e+18
2.109999999999999          8.129185150428948e+18
2.1199999999999988          8.129185150428948e+18
2.1299999999999986          8.129185150428948e+18
2.1399999999999983          8.129185150428948e+18
2.149999999999998          8.129185150428948e+18
2.159999999999998          8.129185150428948e+18
2.1699999999999977          8.129185150428948e+18
2.1799999999999975          8.129185150428948e+18
2.1899999999999973          8.129185150428948e+18
2.199999999999997          8.129185150428948e+18
2.209999999999997          8.129185150428948e+18
2.2199999999999966          8.129185150428948e+18
2.2299999999999964          8.129185150428948e+18
2.239999999999996          8.129185150428948e+18
2.249999999999996          8.129185150428948e+18
2.259999999999996          8.129185150428948e+18
2.2699999999999956          8.129185150428948e+18
2.2799999999999954          8.129185150428948e+18
2.289999999999995          8.129185150428948e+18
2.299999999999995          8.129185150428948e+18
2.3099999999999947          8.129185150428948e+18
2.3199999999999945          8.129185150428948e+18
2.3299999999999943          8.129185150428948e+18
2.339999999999994          8.129185150428948e+18
2.349999999999994          8.129185150428948e+18
2.3599999999999937          8.129185150428948e+18
2.3699999999999934          8.129185150428948e+18
2.3799999999999932          8.129185150428948e+18
2.389999999999993          8.129185150428948e+18
2.399999999999993          8.129185150428948e+18
2.4099999999999926          8.129185150428948e+18
2.4199999999999924          8.129185150428948e+18
2.429999999999992          8.129185150428948e+18
2.439999999999992          8.129185150428948e+18
2.4499999999999917          8.129185150428948e+18
2.4599999999999915          8.129185150428948e+18
2.4699999999999913          8.129185150428948e+18
2.479999999999991          8.129185150428948e+18
2.489999999999991          8.129185150428948e+18
2.4999999999999907          8.129185150428948e+18
2.5099999999999905          8.129185150428948e+18
2.5199999999999902          8.129185150428948e+18
2.52999999999999          8.129185150428948e+18
2.53999999999999          8.129185150428948e+18
2.5499999999999896          8.129185150428948e+18
2.5599999999999894          8.129185150428948e+18
2.569999999999989          8.129185150428948e+18
2.579999999999989          8.129185150428948e+18
2.5899999999999888          8.129185150428948e+18
2.5999999999999885          8.129185150428948e+18
2.6099999999999883          8.129185150428948e+18
2.619999999999988          8.129185150428948e+18
2.629999999999988          8.129185150428948e+18
2.6399999999999877          8.129185150428948e+18
2.6499999999999875          8.129185150428948e+18
2.6599999999999873          8.129185150428948e+18
2.669999999999987          8.129185150428948e+18
2.679999999999987          8.129185150428948e+18
2.6899999999999866          8.129185150428948e+18
2.6999999999999864          8.129185150428948e+18
2.709999999999986          8.129185150428948e+18
2.719999999999986          8.129185150428948e+18
2.7299999999999858          8.129185150428948e+18
2.7399999999999856          8.129185150428948e+18
2.7499999999999853          8.129185150428948e+18
2.759999999999985          8.129185150428948e+18
2.769999999999985          8.129185150428948e+18
2.7799999999999847          8.129185150428948e+18
2.7899999999999845          8.129185150428948e+18
2.7999999999999843          8.129185150428948e+18
2.809999999999984          8.129185150428948e+18
2.819999999999984          8.129185150428948e+18
2.8299999999999836          8.129185150428948e+18
2.8399999999999834          8.129185150428948e+18
2.849999999999983          8.129185150428948e+18
2.859999999999983          8.129185150428948e+18
2.869999999999983          8.129185150428948e+18
2.8799999999999826          8.129185150428948e+18
2.8899999999999824          8.129185150428948e+18
2.899999999999982          8.129185150428948e+18
2.909999999999982          8.129185150428948e+18
2.9199999999999817          8.129185150428948e+18
2.9299999999999815          8.129185150428948e+18
2.9399999999999813          8.129185150428948e+18
2.949999999999981          8.129185150428948e+18
2.959999999999981          8.129185150428948e+18
2.9699999999999807          8.129185150428948e+18
2.9799999999999804          8.129185150428948e+18
2.9899999999999802          8.129185150428948e+18
2.99999999999998          8.129185150428948e+18
3.00999999999998          8.129185150428948e+18
3.0199999999999796          8.129185150428948e+18
3.0299999999999794          8.129185150428948e+18
3.039999999999979          8.129185150428948e+18
3.049999999999979          8.129185150428948e+18
3.0599999999999787          8.129185150428948e+18
3.0699999999999785          8.129185150428948e+18
3.0799999999999783          8.129185150428948e+18
3.089999999999978          8.129185150428948e+18
3.099999999999978          8.129185150428948e+18
3.1099999999999777          8.129185150428948e+18
3.1199999999999775          8.129185150428948e+18
3.1299999999999772          8.129185150428948e+18
3.139999999999977          8.129185150428948e+18
3.149999999999977          8.129185150428948e+18
3.1599999999999766          8.129185150428948e+18
3.1699999999999764          8.129185150428948e+18
3.179999999999976          8.129185150428948e+18
3.189999999999976          8.129185150428948e+18
3.1999999999999758          8.129185150428948e+18
3.2099999999999755          8.129185150428948e+18
3.2199999999999753          8.129185150428948e+18
3.229999999999975          8.129185150428948e+18
3.239999999999975          8.129185150428948e+18
3.2499999999999747          8.129185150428948e+18
3.2599999999999745          8.129185150428948e+18
3.2699999999999743          8.129185150428948e+18
3.279999999999974          8.129185150428948e+18
3.289999999999974          8.129185150428948e+18
3.2999999999999736          8.129185150428948e+18
3.3099999999999734          8.129185150428948e+18
3.319999999999973          8.129185150428948e+18
3.329999999999973          8.129185150428948e+18
3.3399999999999728          8.129185150428948e+18
3.3499999999999726          8.129185150428948e+18
3.3599999999999723          8.129185150428948e+18
3.369999999999972          8.129185150428948e+18
3.379999999999972          8.129185150428948e+18
3.3899999999999717          8.129185150428948e+18
3.3999999999999715          8.129185150428948e+18
3.4099999999999713          8.129185150428948e+18
3.419999999999971          8.129185150428948e+18
3.429999999999971          8.129185150428948e+18
3.4399999999999706          8.129185150428948e+18
3.4499999999999704          8.129185150428948e+18
3.45999999999997          8.129185150428948e+18
3.46999999999997          8.129185150428948e+18
3.47999999999997          8.129185150428948e+18
3.4899999999999696          8.129185150428948e+18
3.4999999999999694          8.129185150428948e+18
3.509999999999969          8.129185150428948e+18
3.519999999999969          8.129185150428948e+18
3.5299999999999687          8.129185150428948e+18
3.5399999999999685          8.129185150428948e+18
3.5499999999999683          8.129185150428948e+18
3.559999999999968          8.129185150428948e+18
3.569999999999968          8.129185150428948e+18
3.5799999999999677          8.129185150428948e+18
3.5899999999999674          8.129185150428948e+18
3.5999999999999672          8.129185150428948e+18
3.609999999999967          8.129185150428948e+18
3.619999999999967          8.129185150428948e+18
3.6299999999999666          8.129185150428948e+18
3.6399999999999664          8.129185150428948e+18
3.649999999999966          8.129185150428948e+18
3.659999999999966          8.129185150428948e+18
3.6699999999999657          8.129185150428948e+18
3.6799999999999655          8.129185150428948e+18
3.6899999999999653          8.129185150428948e+18
3.699999999999965          8.129185150428948e+18
3.709999999999965          8.129185150428948e+18
3.7199999999999647          8.129185150428948e+18
3.7299999999999645          8.129185150428948e+18
3.7399999999999642          8.129185150428948e+18
3.749999999999964          8.129185150428948e+18
3.759999999999964          8.129185150428948e+18
3.7699999999999636          8.129185150428948e+18
3.7799999999999634          8.129185150428948e+18
3.789999999999963          8.129185150428948e+18
3.799999999999963          8.129185150428948e+18
3.8099999999999627          8.129185150428948e+18
3.8199999999999625          8.129185150428948e+18
3.8299999999999623          8.129185150428948e+18
3.839999999999962          8.129185150428948e+18
3.849999999999962          8.129185150428948e+18
3.8599999999999617          8.129185150428948e+18
3.8699999999999615          8.129185150428948e+18
3.8799999999999613          8.129185150428948e+18
3.889999999999961          8.129185150428948e+18
3.899999999999961          8.129185150428948e+18
3.9099999999999606          8.129185150428948e+18
3.9199999999999604          8.129185150428948e+18
3.92999999999996          8.129185150428948e+18
3.93999999999996          8.129185150428948e+18
3.9499999999999598          8.129185150428948e+18
3.9599999999999596          8.129185150428948e+18
3.9699999999999593          8.129185150428948e+18
3.979999999999959          8.129185150428948e+18
3.989999999999959          8.129185150428948e+18
3.9999999999999587          8.129185150428948e+18
4.009999999999959          8.129185150428948e+18
4.019999999999959          8.129185150428948e+18
4.0299999999999585          8.129185150428948e+18
4.039999999999958          8.129185150428948e+18
4.049999999999958          8.129185150428948e+18
4.059999999999958          8.129185150428948e+18
4.069999999999958          8.129185150428948e+18
4.079999999999957          8.129185150428948e+18
4.089999999999957          8.129185150428948e+18
4.099999999999957          8.129185150428948e+18
4.109999999999957          8.129185150428948e+18
4.119999999999957          8.129185150428948e+18
4.129999999999956          8.129185150428948e+18
4.139999999999956          8.129185150428948e+18
4.149999999999956          8.129185150428948e+18
4.159999999999956          8.129185150428948e+18
4.1699999999999555          8.129185150428948e+18
4.179999999999955          8.129185150428948e+18
4.189999999999955          8.129185150428948e+18
4.199999999999955          8.129185150428948e+18
4.209999999999955          8.129185150428948e+18
4.2199999999999545          8.129185150428948e+18
4.229999999999954          8.129185150428948e+18
4.239999999999954          8.129185150428948e+18
4.249999999999954          8.129185150428948e+18
4.259999999999954          8.129185150428948e+18
4.269999999999953          8.129185150428948e+18
4.279999999999953          8.129185150428948e+18
4.289999999999953          8.129185150428948e+18
4.299999999999953          8.129185150428948e+18
4.3099999999999525          8.129185150428948e+18
4.319999999999952          8.129185150428948e+18
4.329999999999952          8.129185150428948e+18
4.339999999999952          8.129185150428948e+18
4.349999999999952          8.129185150428948e+18
4.3599999999999515          8.129185150428948e+18
4.369999999999951          8.129185150428948e+18
4.379999999999951          8.129185150428948e+18
4.389999999999951          8.129185150428948e+18
4.399999999999951          8.129185150428948e+18
4.40999999999995          8.129185150428948e+18
4.41999999999995          8.129185150428948e+18
4.42999999999995          8.129185150428948e+18
4.43999999999995          8.129185150428948e+18
4.4499999999999496          8.129185150428948e+18
4.459999999999949          8.129185150428948e+18
4.469999999999949          8.129185150428948e+18
4.479999999999949          8.129185150428948e+18
4.489999999999949          8.129185150428948e+18
4.4999999999999485          8.129185150428948e+18
4.509999999999948          8.129185150428948e+18
4.519999999999948          8.129185150428948e+18
4.529999999999948          8.129185150428948e+18
4.539999999999948          8.129185150428948e+18
4.549999999999947          8.129185150428948e+18
4.559999999999947          8.129185150428948e+18
4.569999999999947          7.455584333180016e+18
4.579999999999947          7.141150534788523e+18
4.589999999999947          6.919041419324439e+18
4.599999999999946          6.743625173117087e+18
4.609999999999946          6.598328909391104e+18
4.619999999999946          6.474799266953926e+18
4.629999999999946          6.368080062806833e+18
4.6399999999999455          6.274919358362039e+18
4.649999999999945          6.193030632787871e+18
4.659999999999945          6.120722326990428e+18
4.669999999999945          6.056693051495337e+18
4.679999999999945          5.999909822883224e+18
4.689999999999944          5.949531448422113e+18
4.699999999999944          5.904858079521497e+18
4.709999999999944          5.865296734502832e+18
4.719999999999944          5.830336989119778e+18
4.729999999999944          5.799533375788792e+18
4.739999999999943          5.772492345629551e+18
4.749999999999943          5.748862416038801e+18
4.759999999999943          5.728326593426559e+18
4.769999999999943          5.710596453649775e+18
4.7799999999999425          5.695407451688505e+18
4.789999999999942          5.682515157156102e+18
4.799999999999942          5.671692196819378e+18
4.809999999999942          5.662725743666177e+18
4.819999999999942          5.655415433049095e+18
4.8299999999999415          5.649571615689888e+18
4.839999999999941          5.645013878511112e+18
4.849999999999941          5.641569779796166e+18
4.859999999999941          5.639073756700764e+18
4.869999999999941          5.637366171767879e+18
4.87999999999994          5.636292471610999e+18
4.88999999999994          5.635702435873574e+18
4.89999999999994          5.635449498333207e+18
4.90999999999994          5.635390124874922e+18
4.9199999999999395          5.690932205901996e+18
4.929999999999939          5.779562346385445e+18
4.939999999999939          5.86788452513509e+18
4.949999999999939          5.955821819905272e+18
4.959999999999939          6.043297932913801e+18
4.9699999999999385          6.130237098411684e+18
4.979999999999938          6.216563989116324e+18
4.989999999999938          6.302203620064483e+18
4.999999999999938          6.38708124835236e+18
5.009999999999938          6.471122267095025e+18
5.019999999999937          6.554252091748421e+18
5.029999999999937          6.636396036683733e+18
5.039999999999937          6.717479179570578e+18
5.049999999999937          6.797426210692463e+18
5.0599999999999365          6.876161263756138e+18
5.069999999999936          6.953607724027867e+18
5.079999999999936          7.029688008679862e+18
5.089999999999936          7.104323312984246e+18
5.099999999999936          7.177433314343191e+18
5.1099999999999355          7.248935823938765e+18
5.119999999999935          7.318746372801876e+18
5.129999999999935          7.386777715003859e+18
5.139999999999935          7.452939224965642e+18
5.149999999999935          7.51713615778229e+18
5.159999999999934          7.57926872974718e+18
5.169999999999934          7.63923095893421e+18
5.179999999999934          7.696909179413617e+18
5.189999999999934          7.752180101635617e+18
5.199999999999934          7.804908225250882e+18
5.209999999999933          7.854942299377662e+18
5.219999999999933          7.902110329654774e+18
5.229999999999933          7.946212267482427e+18
5.239999999999933          7.987008791535307e+18
5.2499999999999325          8.024203013507774e+18
5.259999999999932          8.05740808405984e+18
5.269999999999932          8.08608258844869e+18
5.279999999999932          8.109374598674764e+18
5.289999999999932          8.12556682618437e+18
5.299999999999931          8.129185150428948e+18
5.309999999999931          8.129185150428948e+18
5.319999999999931          8.129185150428948e+18
5.329999999999931          8.129185150428948e+18
5.339999999999931          8.129185150428948e+18
5.34999999999993          8.129185150428948e+18
5.35999999999993          8.129185150428948e+18
5.36999999999993          8.129185150428948e+18
5.37999999999993          8.129185150428948e+18
5.3899999999999295          8.129185150428948e+18
5.399999999999929          8.129185150428948e+18
5.409999999999929          8.129185150428948e+18
5.419999999999929          8.129185150428948e+18
5.429999999999929          8.129185150428948e+18
5.4399999999999284          8.129185150428948e+18
5.449999999999928          8.129185150428948e+18
5.459999999999928          8.129185150428948e+18
5.469999999999928          8.129185150428948e+18
5.479999999999928          8.129185150428948e+18
5.489999999999927          8.129185150428948e+18
5.499999999999927          8.129185150428948e+18
5.509999999999927          8.129185150428948e+18
5.519999999999927          8.129185150428948e+18
5.5299999999999265          8.129185150428948e+18
5.539999999999926          8.129185150428948e+18
5.549999999999926          8.129185150428948e+18
5.559999999999926          8.129185150428948e+18
5.569999999999926          8.129185150428948e+18
5.5799999999999255          8.129185150428948e+18
5.589999999999925          8.129185150428948e+18
5.599999999999925          8.129185150428948e+18
5.609999999999925          8.129185150428948e+18
5.619999999999925          8.129185150428948e+18
5.629999999999924          8.129185150428948e+18
5.639999999999924          8.129185150428948e+18
5.649999999999924          8.129185150428948e+18
5.659999999999924          8.129185150428948e+18
5.6699999999999235          8.129185150428948e+18
5.679999999999923          8.129185150428948e+18
5.689999999999923          8.129185150428948e+18
5.699999999999923          8.129185150428948e+18
5.709999999999923          8.129185150428948e+18
5.7199999999999225          8.129185150428948e+18
5.729999999999922          8.129185150428948e+18
5.739999999999922          8.129185150428948e+18
5.749999999999922          8.129185150428948e+18
5.759999999999922          8.129185150428948e+18
5.769999999999921          8.129185150428948e+18
5.779999999999921          8.129185150428948e+18
5.789999999999921          8.129185150428948e+18
5.799999999999921          8.129185150428948e+18
5.809999999999921          8.129185150428948e+18
5.81999999999992          8.129185150428948e+18
5.82999999999992          8.129185150428948e+18
5.83999999999992          8.129185150428948e+18
5.84999999999992          8.129185150428948e+18
5.8599999999999195          8.129185150428948e+18
5.869999999999919          8.129185150428948e+18
5.879999999999919          8.129185150428948e+18
5.889999999999919          8.129185150428948e+18
5.899999999999919          8.129185150428948e+18
5.909999999999918          8.129185150428948e+18
5.919999999999918          8.129185150428948e+18
5.929999999999918          8.129185150428948e+18
5.939999999999918          8.129185150428948e+18
5.949999999999918          8.129185150428948e+18
5.959999999999917          8.129185150428948e+18
5.969999999999917          8.129185150428948e+18
5.979999999999917          8.129185150428948e+18
5.989999999999917          8.129185150428948e+18
5.9999999999999165          8.129185150428948e+18
6.009999999999916          8.129185150428948e+18
6.019999999999916          8.129185150428948e+18
6.029999999999916          8.129185150428948e+18
6.039999999999916          8.129185150428948e+18
6.0499999999999154          8.129185150428948e+18
6.059999999999915          8.129185150428948e+18
6.069999999999915          8.129185150428948e+18
6.079999999999915          8.129185150428948e+18
6.089999999999915          8.129185150428948e+18
6.099999999999914          8.129185150428948e+18
6.109999999999914          8.129185150428948e+18
6.119999999999914          8.129185150428948e+18
6.129999999999914          8.129185150428948e+18
6.1399999999999135          8.129185150428948e+18
6.149999999999913          8.129185150428948e+18
6.159999999999913          8.129185150428948e+18
6.169999999999913          8.129185150428948e+18
6.179999999999913          8.129185150428948e+18
6.1899999999999125          8.129185150428948e+18
6.199999999999912          8.129185150428948e+18
6.209999999999912          8.129185150428948e+18
6.219999999999912          8.129185150428948e+18
6.229999999999912          8.129185150428948e+18
6.239999999999911          8.129185150428948e+18
6.249999999999911          8.129185150428948e+18
6.259999999999911          8.129185150428948e+18
6.269999999999911          8.129185150428948e+18
6.2799999999999105          8.129185150428948e+18
6.28999999999991          8.129185150428948e+18
6.29999999999991          8.129185150428948e+18
6.30999999999991          8.129185150428948e+18
6.31999999999991          8.129185150428948e+18
6.3299999999999095          8.129185150428948e+18
6.339999999999909          8.129185150428948e+18
6.349999999999909          8.129185150428948e+18
6.359999999999909          8.129185150428948e+18
6.369999999999909          8.129185150428948e+18
6.379999999999908          8.129185150428948e+18
6.389999999999908          8.129185150428948e+18
6.399999999999908          8.129185150428948e+18
6.409999999999908          8.129185150428948e+18
6.419999999999908          8.129185150428948e+18
6.429999999999907          8.129185150428948e+18
6.439999999999907          8.129185150428948e+18
6.449999999999907          8.129185150428948e+18
6.459999999999907          8.129185150428948e+18
6.4699999999999065          8.129185150428948e+18
6.479999999999906          8.129185150428948e+18
6.489999999999906          8.129185150428948e+18
6.499999999999906          8.129185150428948e+18
6.509999999999906          8.129185150428948e+18
6.519999999999905          8.129185150428948e+18
6.529999999999905          8.129185150428948e+18
6.539999999999905          8.129185150428948e+18
6.549999999999905          8.129185150428948e+18
6.559999999999905          8.129185150428948e+18
6.569999999999904          8.129185150428948e+18
6.579999999999904          8.129185150428948e+18
6.589999999999904          8.129185150428948e+18
6.599999999999904          8.129185150428948e+18
6.6099999999999035          8.129185150428948e+18
6.619999999999903          8.129185150428948e+18
6.629999999999903          8.129185150428948e+18
6.639999999999903          8.129185150428948e+18
6.649999999999903          8.129185150428948e+18
6.659999999999902          8.129185150428948e+18
6.669999999999902          8.129185150428948e+18
6.679999999999902          8.129185150428948e+18
6.689999999999902          8.129185150428948e+18
6.699999999999902          8.129185150428948e+18
6.709999999999901          8.129185150428948e+18
6.719999999999901          8.129185150428948e+18
6.729999999999901          8.129185150428948e+18
6.739999999999901          8.129185150428948e+18
6.7499999999999005          8.129185150428948e+18
6.7599999999999          8.129185150428948e+18
6.7699999999999          8.129185150428948e+18
6.7799999999999          8.129185150428948e+18
6.7899999999999          8.129185150428948e+18
6.7999999999998995          8.129185150428948e+18
6.809999999999899          8.129185150428948e+18
6.819999999999899          8.129185150428948e+18
6.829999999999899          8.129185150428948e+18
6.839999999999899          8.129185150428948e+18
6.849999999999898          8.129185150428948e+18
6.859999999999898          8.129185150428948e+18
6.869999999999898          8.129185150428948e+18
6.879999999999898          8.129185150428948e+18
6.8899999999998975          8.129185150428948e+18
6.899999999999897          8.129185150428948e+18
6.909999999999897          8.129185150428948e+18
6.919999999999897          8.129185150428948e+18
6.929999999999897          8.129185150428948e+18
6.9399999999998965          8.129185150428948e+18
6.949999999999896          8.129185150428948e+18
6.959999999999896          8.129185150428948e+18
6.969999999999896          8.129185150428948e+18
6.979999999999896          8.129185150428948e+18
6.989999999999895          8.129185150428948e+18
6.999999999999895          8.129185150428948e+18
7.009999999999895          8.129185150428948e+18
7.019999999999895          8.129185150428948e+18
7.0299999999998946          8.129185150428948e+18
7.039999999999894          8.129185150428948e+18
7.049999999999894          8.129185150428948e+18
7.059999999999894          8.129185150428948e+18
7.069999999999894          8.129185150428948e+18
7.0799999999998935          8.129185150428948e+18
7.089999999999893          8.129185150428948e+18
7.099999999999893          8.129185150428948e+18
7.109999999999893          8.129185150428948e+18
7.119999999999893          8.129185150428948e+18
7.129999999999892          8.129185150428948e+18
7.139999999999892          8.129185150428948e+18
7.149999999999892          8.129185150428948e+18
7.159999999999892          8.129185150428948e+18
7.169999999999892          8.129185150428948e+18
7.179999999999891          8.129185150428948e+18
7.189999999999891          8.129185150428948e+18
7.199999999999891          8.129185150428948e+18
7.209999999999891          8.129185150428948e+18
7.2199999999998905          8.129185150428948e+18
7.22999999999989          8.129185150428948e+18
7.23999999999989          8.129185150428948e+18
7.24999999999989          8.129185150428948e+18
7.25999999999989          8.129185150428948e+18
7.269999999999889          8.129185150428948e+18
7.279999999999889          4.922175381012781e+18
7.289999999999889          4.774898393876947e+18
7.299999999999889          4.579090937777447e+18
7.309999999999889          4.3445556792468014e+18
7.319999999999888          4.0767672522957706e+18
7.329999999999888          3.779385328711219e+18
7.339999999999888          3.4551030942298173e+18
7.349999999999888          3.106028681401081e+18
7.3599999999998875          2.733886013329846e+18
7.369999999999887          2.34013204494463e+18
7.379999999999887          1.9260304090779802e+18
7.389999999999887          1.492700298309757e+18
7.399999999999887          1.0411503365296978e+18
7.4099999999998865          5.723028759143306e+17
7.419999999999886          8.701192924399206e+16
7.429999999999886          -4.1392327534578995e+17
7.439999999999886          -9.29747837878995e+17
7.449999999999886          -1.4597429769212078e+18
7.459999999999885          -2.0032194838451425e+18
7.469999999999885          -2.559512431782692e+18
7.479999999999885          -3.1279768457305334e+18
7.489999999999885          -3.7079841191298314e+18
7.4999999999998845          -4.29891901715831e+18
7.509999999999884          -4.900177145944029e+18
7.519999999999884          -5.511162795035855e+18
7.529999999999884          -6.131287081066082e+18
7.539999999999884          -6.759966335830172e+18
7.5499999999998835          -7.396620693488671e+18
7.559999999999883          -8.040672840299444e+18
7.569999999999883          -8.691546896939686e+18
7.579999999999883          -9.348667408592706e+18
7.589999999999883          -1.0011458421917116e+19
7.599999999999882          -1.0679342631057926e+19
7.609999999999882          -1.1351740577190726e+19
7.619999999999882          -1.2028069887853672e+19
7.629999999999882          -1.270774454362211e+19
7.6399999999998816          -1.3390174160587194e+19
7.649999999999881          -1.4074763277667844e+19
7.659999999999881          -1.1112997777707475e+19
7.669999999999881          -1.1112124331834049e+19
7.679999999999881          -1.1109357792601862e+19
7.6899999999998805          -1.1103582683973466e+19
7.69999999999988          -1.1093658436101255e+19
7.70999999999988          -1.1078414438956364e+19
7.71999999999988          -1.1056644616550472e+19
7.72999999999988          -1.1027101396584755e+19
7.739999999999879          -1.0988488925996063e+19
7.749999999999879          -1.0939455350826977e+19
7.759999999999879          -1.0878583936710468e+19
7.769999999999879          -1.0804382750646483e+19
7.779999999999879          -1.0715272550874407e+19
7.789999999999878          -1.060957243267691e+19
7.799999999999878          -1.0485482643992836e+19
7.809999999999878          -1.0341063801238458e+19
7.819999999999878          -1.0174211481046665e+19
7.8299999999998775          -9.982624804767822e+18
7.839999999999877          -9.763767118442779e+18
7.849999999999877          -9.51481612061574e+18
7.859999999999877          -9.232599672436541e+18
7.869999999999877          -8.913511819969919e+18
7.879999999999876          -8.553400891044194e+18
7.889999999999876          -8.147417228897454e+18
7.899999999999876          -7.68980095456784e+18
7.909999999999876          -7.173577716067803e+18
7.919999999999876          -6.590107809184242e+18
7.929999999999875          -5.928390778400127e+18
7.939999999999875          -5.173938978976469e+18
7.949999999999875          -4.30683660804923e+18
7.959999999999875          -3.298114695156052e+18
7.9699999999998745          -2.1021937646651924e+18
7.979999999999874          -6.383740954813327e+17
7.989999999999874          1.2683423816469652e+18
7.999999999999874          4.229847630849545e+18
8.009999999999874          8.129185150428948e+18
8.019999999999873          8.129185150428948e+18
8.029999999999873          8.129185150428948e+18
8.039999999999873          8.129185150428948e+18
8.049999999999873          8.129185150428948e+18
8.059999999999873          8.129185150428948e+18
8.069999999999872          8.129185150428948e+18
8.079999999999872          8.129185150428948e+18
8.089999999999872          8.129185150428948e+18
8.099999999999872          8.129185150428948e+18
8.109999999999872          8.129185150428948e+18
8.119999999999871          8.129185150428948e+18
8.129999999999871          8.129185150428948e+18
8.139999999999871          8.129185150428948e+18
8.14999999999987          8.129185150428948e+18
8.15999999999987          8.129185150428948e+18
8.16999999999987          8.129185150428948e+18
8.17999999999987          8.129185150428948e+18
8.18999999999987          8.129185150428948e+18
8.19999999999987          8.129185150428948e+18
8.20999999999987          8.129185150428948e+18
8.21999999999987          8.129185150428948e+18
8.229999999999869          8.129185150428948e+18
8.239999999999869          8.129185150428948e+18
8.249999999999869          8.129185150428948e+18
8.259999999999868          8.129185150428948e+18
8.269999999999868          8.129185150428948e+18
8.279999999999868          8.129185150428948e+18
8.289999999999868          8.129185150428948e+18
8.299999999999867          8.129185150428948e+18
8.309999999999867          8.129185150428948e+18
8.319999999999867          8.129185150428948e+18
8.329999999999867          8.129185150428948e+18
8.339999999999867          8.129185150428948e+18
8.349999999999866          8.129185150428948e+18
8.359999999999866          8.129185150428948e+18
8.369999999999866          8.129185150428948e+18
8.379999999999866          8.129185150428948e+18
8.389999999999866          8.129185150428948e+18
8.399999999999865          8.129185150428948e+18
8.409999999999865          8.129185150428948e+18
8.419999999999865          8.129185150428948e+18
8.429999999999865          8.129185150428948e+18
8.439999999999864          8.129185150428948e+18
8.449999999999864          8.129185150428948e+18
8.459999999999864          8.129185150428948e+18
8.469999999999864          8.129185150428948e+18
8.479999999999864          8.129185150428948e+18
8.489999999999863          8.129185150428948e+18
8.499999999999863          8.129185150428948e+18
8.509999999999863          8.129185150428948e+18
8.519999999999863          8.129185150428948e+18
8.529999999999863          8.129185150428948e+18
8.539999999999862          8.129185150428948e+18
8.549999999999862          8.129185150428948e+18
8.559999999999862          8.129185150428948e+18
8.569999999999862          8.129185150428948e+18
8.579999999999862          8.129185150428948e+18
8.589999999999861          8.129185150428948e+18
8.599999999999861          8.129185150428948e+18
8.60999999999986          8.129185150428948e+18
8.61999999999986          8.129185150428948e+18
8.62999999999986          8.129185150428948e+18
8.63999999999986          8.129185150428948e+18
8.64999999999986          8.129185150428948e+18
8.65999999999986          8.129185150428948e+18
8.66999999999986          8.129185150428948e+18
8.67999999999986          8.129185150428948e+18
8.68999999999986          8.129185150428948e+18
8.699999999999859          8.129185150428948e+18
8.709999999999859          8.129185150428948e+18
8.719999999999859          8.129185150428948e+18
8.729999999999858          8.129185150428948e+18
8.739999999999858          8.129185150428948e+18
8.749999999999858          8.129185150428948e+18
8.759999999999858          8.129185150428948e+18
8.769999999999857          8.129185150428948e+18
8.779999999999857          8.129185150428948e+18
8.789999999999857          8.129185150428948e+18
8.799999999999857          8.129185150428948e+18
8.809999999999857          8.129185150428948e+18
8.819999999999856          8.129185150428948e+18
8.829999999999856          8.129185150428948e+18
8.839999999999856          8.129185150428948e+18
8.849999999999856          8.129185150428948e+18
8.859999999999856          8.129185150428948e+18
8.869999999999855          8.129185150428948e+18
8.879999999999855          8.129185150428948e+18
8.889999999999855          8.129185150428948e+18
8.899999999999855          8.129185150428948e+18
8.909999999999854          8.129185150428948e+18
8.919999999999854          8.129185150428948e+18
8.929999999999854          8.129185150428948e+18
8.939999999999854          8.129185150428948e+18
8.949999999999854          8.129185150428948e+18
8.959999999999853          8.129185150428948e+18
8.969999999999853          8.129185150428948e+18
8.979999999999853          8.129185150428948e+18
8.989999999999853          8.129185150428948e+18
8.999999999999853          8.129185150428948e+18
9.009999999999852          8.129185150428948e+18
9.019999999999852          8.129185150428948e+18
9.029999999999852          8.129185150428948e+18
9.039999999999852          8.129185150428948e+18
9.049999999999851          8.129185150428948e+18
9.059999999999851          8.129185150428948e+18
9.069999999999851          8.129185150428948e+18
9.07999999999985          8.129185150428948e+18
9.08999999999985          8.129185150428948e+18
9.09999999999985          8.129185150428948e+18
9.10999999999985          8.129185150428948e+18
9.11999999999985          8.129185150428948e+18
9.12999999999985          8.129185150428948e+18
9.13999999999985          8.129185150428948e+18
9.14999999999985          8.129185150428948e+18
9.15999999999985          8.129185150428948e+18
9.169999999999849          8.129185150428948e+18
9.179999999999849          8.129185150428948e+18
9.189999999999849          8.129185150428948e+18
9.199999999999848          8.129185150428948e+18
9.209999999999848          8.129185150428948e+18
9.219999999999848          8.129185150428948e+18
9.229999999999848          8.129185150428948e+18
9.239999999999847          8.129185150428948e+18
9.249999999999847          8.129185150428948e+18
9.259999999999847          8.129185150428948e+18
9.269999999999847          8.129185150428948e+18
9.279999999999847          8.129185150428948e+18
9.289999999999846          8.129185150428948e+18
9.299999999999846          8.129185150428948e+18
9.309999999999846          8.129185150428948e+18
9.319999999999846          8.129185150428948e+18
9.329999999999846          8.129185150428948e+18
9.339999999999845          8.129185150428948e+18
9.349999999999845          8.129185150428948e+18
9.359999999999845          8.129185150428948e+18
9.369999999999845          8.129185150428948e+18
9.379999999999844          8.129185150428948e+18
9.389999999999844          8.129185150428948e+18
9.399999999999844          8.129185150428948e+18
9.409999999999844          8.129185150428948e+18
9.419999999999844          8.129185150428948e+18
9.429999999999843          8.129185150428948e+18
9.439999999999843          8.129185150428948e+18
9.449999999999843          8.129185150428948e+18
9.459999999999843          8.129185150428948e+18
9.469999999999843          8.129185150428948e+18
9.479999999999842          8.129185150428948e+18
9.489999999999842          8.129185150428948e+18
9.499999999999842          8.129185150428948e+18
9.509999999999842          8.129185150428948e+18
9.519999999999841          8.129185150428948e+18
9.529999999999841          8.129185150428948e+18
9.539999999999841          8.129185150428948e+18
9.54999999999984          8.129185150428948e+18
9.55999999999984          8.129185150428948e+18
9.56999999999984          8.129185150428948e+18
9.57999999999984          8.129185150428948e+18
9.58999999999984          8.129185150428948e+18
9.59999999999984          8.129185150428948e+18
9.60999999999984          8.129185150428948e+18
9.61999999999984          8.129185150428948e+18
9.62999999999984          8.129185150428948e+18
9.639999999999839          8.129185150428948e+18
9.649999999999839          8.129185150428948e+18
9.659999999999838          8.129185150428948e+18
9.669999999999838          8.129185150428948e+18
9.679999999999838          8.129185150428948e+18
9.689999999999838          8.129185150428948e+18
9.699999999999838          8.129185150428948e+18
9.709999999999837          8.129185150428948e+18
9.719999999999837          8.129185150428948e+18
9.729999999999837          8.129185150428948e+18
9.739999999999837          8.129185150428948e+18
9.749999999999837          8.129185150428948e+18
9.759999999999836          8.129185150428948e+18
9.769999999999836          8.129185150428948e+18
9.779999999999836          8.129185150428948e+18
9.789999999999836          8.129185150428948e+18
9.799999999999836          8.129185150428948e+18
9.809999999999835          8.129185150428948e+18
9.819999999999835          8.129185150428948e+18
9.829999999999835          8.129185150428948e+18
9.839999999999835          8.129185150428948e+18
9.849999999999834          8.129185150428948e+18
9.859999999999834          8.129185150428948e+18
9.869999999999834          8.129185150428948e+18
9.879999999999834          8.129185150428948e+18
9.889999999999834          8.129185150428948e+18
9.899999999999833          8.129185150428948e+18
9.909999999999833          8.129185150428948e+18
9.919999999999833          8.129185150428948e+18
9.929999999999833          8.129185150428948e+18
9.939999999999833          8.129185150428948e+18
9.949999999999832          8.129185150428948e+18
9.959999999999832          8.129185150428948e+18
9.969999999999832          8.129185150428948e+18
9.979999999999832          8.129185150428948e+18
9.989999999999831          8.129185150428948e+18
9.999999999999831          8.129185150428948e+18
